0.25
strecke 0 1 ist 10.578398 bei deltaH 10.000000
strecke 1 2 ist 10.440307 bei deltaH 10.000000
strecke 2 3 ist 10.250000 bei deltaH 10.000000
strecke 3 4 ist 10.160709 bei deltaH 10.000000
strecke 4 5 ist 10.127191 bei deltaH 10.000000
strecke 5 6 ist 10.060318 bei deltaH 10.000000
strecke 6 7 ist 10.060318 bei deltaH 10.000000
strecke 7 8 ist 10.040418 bei deltaH 10.000000
strecke 8 9 ist 10.017984 bei deltaH 10.000000
strecke 9 10 ist 10.004499 bei deltaH 10.000000
strecke 10 11 ist 10.007997 bei deltaH 10.000000
strecke 11 12 ist 10.000500 bei deltaH 10.000000
strecke 12 13 ist 10.012492 bei deltaH 10.000000
strecke 13 14 ist 11.543396 bei deltaH 11.500000
strecke 14 15 ist 5.048762 bei deltaH 5.000000
strecke 15 16 ist 5.080354 bei deltaH 5.000000
strecke 16 17 ist 5.141984 bei deltaH 5.000000
strecke 17 18 ist 3.668787 bei deltaH 3.500000
strecke 18 19 ist 1.984943 bei deltaH 1.500000
[0, 10.578397799288888, 21.01870430819944, 31.26870430819944, 41.429412944903866, 51.5566040658416, 61.61692215226411, 71.67724023868662, 81.71765855666521, 91.73564238575977, 101.74014137371515, 111.74813817627259, 121.74863816377322, 131.76113036102362, 143.30452674163882, 148.35328896618455, 153.43364328453677, 158.57562733740974, 162.24441460297857, 164.2293579271065]
0 13.9 0.457236842105 0
10 17.35 0.570723684211 10.5783977993
20 20.35 0.669407894737 21.0187043082
30 22.6 0.743421052632 31.2687043082
40 24.4 0.802631578947 41.4294129449
50 26 0.855263157895 51.5566040658
60 27.1 0.891447368421 61.6169221523
70 28.2 0.927631578947 71.6772402387
80 29.1 0.957236842105 81.7176585567
90 29.7 0.976973684211 91.7356423858
100 30 0.986842105263 101.740141374
110 30.4 1.0 111.748138176
120 30.3 0.996710526316 121.748638164
130 29.8 0.980263157895 131.761130361
141.5 28.8 0.947368421053 143.304526742
146.5 28.1 0.924342105263 148.353288966
151.5 27.2 0.894736842105 153.433643285
156.5 26 0.855263157895 158.575627337
160 24.9 0.819078947368 162.244414603
161.5 23.6 0.776315789474 164.229357927
Blechbreite ist  47.7522083346 cm
Blechhoehe ist  18.0 cm
Berechne nun Blatt Nummer  0
Berechne nun Blatt Nummer  1
Berechne nun Blatt Nummer  2
Berechne nun Blatt Nummer  3
Berechne nun Blatt Nummer  4
0 0
2.18340689424 0
2.72533162699 10.5783977993
3.19657052503 21.0187043082
3.54999969856 31.2687043082
3.83274303738 41.4294129449
4.08407044967 51.5566040658
4.25685804561 61.6169221523
4.42964564156 71.6772402387
4.57101731097 81.7176585567
4.66526509058 91.7356423858
4.71238898038 101.740141374
4.77522083346 111.748138176
4.75951287019 121.748638164
4.68097305385 131.761130361
4.52389342117 143.304526742
4.41393767829 148.353288966
4.27256600888 153.433643285
4.08407044967 158.575627337
3.91128285372 162.244414603
3.70707933124 164.229357927
5.84336233568 164.229357927
5.63915881319 162.244414603
5.46637121725 158.575627337
5.27787565803 153.433643285
5.13650398862 148.353288966
5.02654824574 143.304526742
4.86946861306 131.761130361
4.79092879672 121.748638164
4.77522083346 111.748138176
4.83805268653 101.740141374
4.88517657633 91.7356423858
4.97942435594 81.7176585567
5.12079602535 71.6772402387
5.2935836213 61.6169221523
5.46637121725 51.5566040658
5.71769862953 41.4294129449
6.00044196836 31.2687043082
6.35387114189 21.0187043082
6.82511003992 10.5783977993
7.36703477267 0
11.7338485612 0
12.2757732939 10.5783977993
12.7470121919 21.0187043082
13.1004413655 31.2687043082
13.3831847043 41.4294129449
13.6345121166 51.5566040658
13.8072997125 61.6169221523
13.9800873085 71.6772402387
14.1214589779 81.7176585567
14.2157067575 91.7356423858
14.2628306473 101.740141374
14.3256625004 111.748138176
14.3099545371 121.748638164
14.2314147208 131.761130361
14.0743350881 143.304526742
13.9643793452 148.353288966
13.8230076758 153.433643285
13.6345121166 158.575627337
13.4617245206 162.244414603
13.2575209981 164.229357927
15.3938040026 164.229357927
15.1896004801 162.244414603
15.0168128842 158.575627337
14.8283173249 153.433643285
14.6869456555 148.353288966
14.5769899127 143.304526742
14.41991028 131.761130361
14.3413704636 121.748638164
14.3256625004 111.748138176
14.3884943534 101.740141374
14.4356182432 91.7356423858
14.5298660229 81.7176585567
14.6712376923 71.6772402387
14.8440252882 61.6169221523
15.0168128842 51.5566040658
15.2681402964 41.4294129449
15.5508836353 31.2687043082
15.9043128088 21.0187043082
16.3755517068 10.5783977993
16.9174764396 0
21.2842902281 0
21.8262149608 10.5783977993
22.2974538589 21.0187043082
22.6508830324 31.2687043082
22.9336263712 41.4294129449
23.1849537835 51.5566040658
23.3577413794 61.6169221523
23.5305289754 71.6772402387
23.6719006448 81.7176585567
23.7661484244 91.7356423858
23.8132723142 101.740141374
23.8761041673 111.748138176
23.860396204 121.748638164
23.7818563877 131.761130361
23.624776755 143.304526742
23.5148210121 148.353288966
23.3734493427 153.433643285
23.1849537835 158.575627337
23.0121661875 162.244414603
22.8079626651 164.229357927
24.9442456695 164.229357927
24.740042147 162.244414603
24.5672545511 158.575627337
24.3787589919 153.433643285
24.2373873224 148.353288966
24.1274315796 143.304526742
23.9703519469 131.761130361
23.8918121306 121.748638164
23.8761041673 111.748138176
23.9389360204 101.740141374
23.9860599102 91.7356423858
24.0803076898 81.7176585567
24.2216793592 71.6772402387
24.3944669551 61.6169221523
24.5672545511 51.5566040658
24.8185819634 41.4294129449
25.1013253022 31.2687043082
25.4547544757 21.0187043082
25.9259933737 10.5783977993
26.4679181065 0
30.834731895 0
31.3766566277 10.5783977993
31.8478955258 21.0187043082
32.2013246993 31.2687043082
32.4840680381 41.4294129449
32.7353954504 51.5566040658
32.9081830464 61.6169221523
33.0809706423 71.6772402387
33.2223423117 81.7176585567
33.3165900913 91.7356423858
33.3637139811 101.740141374
33.4265458342 111.748138176
33.4108378709 121.748638164
33.3322980546 131.761130361
33.1752184219 143.304526742
33.065262679 148.353288966
32.9238910096 153.433643285
32.7353954504 158.575627337
32.5626078545 162.244414603
32.358404332 164.229357927
34.4946873364 164.229357927
34.2904838139 162.244414603
34.117696218 158.575627337
33.9292006588 153.433643285
33.7878289894 148.353288966
33.6778732465 143.304526742
33.5207936138 131.761130361
33.4422537975 121.748638164
33.4265458342 111.748138176
33.4893776873 101.740141374
33.5365015771 91.7356423858
33.6307493567 81.7176585567
33.7721210261 71.6772402387
33.944908622 61.6169221523
34.117696218 51.5566040658
34.3690236303 41.4294129449
34.6517669691 31.2687043082
35.0051961426 21.0187043082
35.4764350407 10.5783977993
36.0183597734 0
40.3851735619 0
40.9270982946 10.5783977993
41.3983371927 21.0187043082
41.7517663662 31.2687043082
42.034509705 41.4294129449
42.2858371173 51.5566040658
42.4586247133 61.6169221523
42.6314123092 71.6772402387
42.7727839786 81.7176585567
42.8670317582 91.7356423858
42.914155648 101.740141374
42.9769875011 111.748138176
42.9612795378 121.748638164
42.8827397215 131.761130361
42.7256600888 143.304526742
42.6157043459 148.353288966
42.4743326765 153.433643285
42.2858371173 158.575627337
42.1130495214 162.244414603
41.9088459989 164.229357927
44.0451290033 164.229357927
43.8409254808 162.244414603
43.6681378849 158.575627337
43.4796423257 153.433643285
43.3382706563 148.353288966
43.2283149134 143.304526742
43.0712352807 131.761130361
42.9926954644 121.748638164
42.9769875011 111.748138176
43.0398193542 101.740141374
43.086943244 91.7356423858
43.1811910236 81.7176585567
43.322562693 71.6772402387
43.495350289 61.6169221523
43.6681378849 51.5566040658
43.9194652972 41.4294129449
44.202208636 31.2687043082
44.5556378095 21.0187043082
45.0268767076 10.5783977993
45.5688014403 0
47.7522083346 0
