0.25
strecke 0 1 ist 10.578398 bei deltaH 10.000000
strecke 1 2 ist 10.440307 bei deltaH 10.000000
strecke 2 3 ist 10.250000 bei deltaH 10.000000
strecke 3 4 ist 10.160709 bei deltaH 10.000000
strecke 4 5 ist 10.127191 bei deltaH 10.000000
strecke 5 6 ist 10.060318 bei deltaH 10.000000
strecke 6 7 ist 10.060318 bei deltaH 10.000000
strecke 7 8 ist 10.040418 bei deltaH 10.000000
strecke 8 9 ist 10.017984 bei deltaH 10.000000
strecke 9 10 ist 10.004499 bei deltaH 10.000000
strecke 10 11 ist 10.007997 bei deltaH 10.000000
strecke 11 12 ist 10.000500 bei deltaH 10.000000
strecke 12 13 ist 10.012492 bei deltaH 10.000000
strecke 13 14 ist 10.017984 bei deltaH 10.000000
strecke 14 15 ist 10.127191 bei deltaH 10.000000
strecke 15 16 ist 10.358089 bei deltaH 10.000000
strecke 16 17 ist 1.984943 bei deltaH 1.500000
[0, 10.578397799288888, 21.01870430819944, 31.26870430819944, 41.429412944903866, 51.5566040658416, 61.61692215226411, 71.67724023868662, 81.71765855666521, 91.73564238575977, 101.74014137371515, 111.74813817627259, 121.74863816377322, 131.76113036102362, 141.77911419011818, 151.90630531105592, 162.26439393782485, 164.24933726195277]
0 13.9 0.457236842105 0
10 17.35 0.570723684211 10.5783977993
20 20.35 0.669407894737 21.0187043082
30 22.6 0.743421052632 31.2687043082
40 24.4 0.802631578947 41.4294129449
50 26 0.855263157895 51.5566040658
60 27.1 0.891447368421 61.6169221523
70 28.2 0.927631578947 71.6772402387
80 29.1 0.957236842105 81.7176585567
90 29.7 0.976973684211 91.7356423858
100 30 0.986842105263 101.740141374
110 30.4 1.0 111.748138176
120 30.3 0.996710526316 121.748638164
130 29.8 0.980263157895 131.761130361
140 29.2 0.960526315789 141.77911419
150 27.6 0.907894736842 151.906305311
160 24.9 0.819078947368 162.264393938
161.5 23.6 0.776315789474 164.249337262
Blechbreite ist  47.7522083346 cm
Blechhoehe ist  18.0 cm
Berechne nun Blatt Nummer  0
Berechne nun Blatt Nummer  1
Berechne nun Blatt Nummer  2
Berechne nun Blatt Nummer  3
Berechne nun Blatt Nummer  4
Berechne nun Blatt Nummer  5
Berechne nun Blatt Nummer  6
Berechne nun Blatt Nummer  7
Berechne nun Blatt Nummer  8
0 0
1.21300383014 0
1.51407312611 10.5783977993
1.7758725139 21.0187043082
1.97222205475 31.2687043082
2.12930168743 41.4294129449
2.26892802759 51.5566040658
2.36492113645 61.6169221523
2.46091424531 71.6772402387
2.53945406165 81.7176585567
2.59181393921 91.7356423858
2.61799387799 101.740141374
2.65290046303 111.748138176
2.64417381677 121.748638164
2.60054058547 131.761130361
2.54818070791 141.77911419
2.40855436775 151.906305311
2.17293491873 162.264393938
2.05948851735 164.249337262
3.24631240871 164.249337262
3.13286600733 162.264393938
2.89724655831 151.906305311
2.75762021815 141.77911419
2.70526034059 131.761130361
2.66162710929 121.748638164
2.65290046303 111.748138176
2.68780704807 101.740141374
2.71398698685 91.7356423858
2.76634686441 81.7176585567
2.84488668075 71.6772402387
2.94087978961 61.6169221523
3.03687289847 51.5566040658
3.17649923863 41.4294129449
3.33357887131 31.2687043082
3.52992841216 21.0187043082
3.79172779996 10.5783977993
4.09279709593 0
6.5188047562 0
6.81987405217 10.5783977993
7.08167343997 21.0187043082
7.27802298082 31.2687043082
7.4351026135 41.4294129449
7.57472895366 51.5566040658
7.67072206252 61.6169221523
7.76671517137 71.6772402387
7.84525498771 81.7176585567
7.89761486527 91.7356423858
7.92379480405 101.740141374
7.95870138909 111.748138176
7.94997474283 121.748638164
7.90634151153 131.761130361
7.85398163397 141.77911419
7.71435529381 151.906305311
7.4787358448 162.264393938
7.36528944342 164.249337262
8.55211333477 164.249337262
8.43866693339 162.264393938
8.20304748437 151.906305311
8.06342114421 141.77911419
8.01106126665 131.761130361
7.96742803535 121.748638164
7.95870138909 111.748138176
7.99360797413 101.740141374
8.01978791291 91.7356423858
8.07214779047 81.7176585567
8.15068760681 71.6772402387
8.24668071567 61.6169221523
8.34267382453 51.5566040658
8.48230016469 41.4294129449
8.63937979737 31.2687043082
8.83572933822 21.0187043082
9.09752872602 10.5783977993
9.39859802199 0
11.8246056823 0
12.1256749782 10.5783977993
12.387474366 21.0187043082
12.5838239069 31.2687043082
12.7409035396 41.4294129449
12.8805298797 51.5566040658
12.9765229886 61.6169221523
13.0725160974 71.6772402387
13.1510559138 81.7176585567
13.2034157913 91.7356423858
13.2295957301 101.740141374
13.2645023152 111.748138176
13.2557756689 121.748638164
13.2121424376 131.761130361
13.15978256 141.77911419
13.0201562199 151.906305311
12.7845367709 162.264393938
12.6710903695 164.249337262
13.8579142608 164.249337262
13.7444678595 162.264393938
13.5088484104 151.906305311
13.3692220703 141.77911419
13.3168621927 131.761130361
13.2732289614 121.748638164
13.2645023152 111.748138176
13.2994089002 101.740141374
13.325588839 91.7356423858
13.3779487165 81.7176585567
13.4564885329 71.6772402387
13.5524816417 61.6169221523
13.6484747506 51.5566040658
13.7881010908 41.4294129449
13.9451807234 31.2687043082
14.1415302643 21.0187043082
14.4033296521 10.5783977993
14.7043989481 0
17.1304066083 0
17.4314759043 10.5783977993
17.6932752921 21.0187043082
17.8896248329 31.2687043082
18.0467044656 41.4294129449
18.1863308058 51.5566040658
18.2823239146 61.6169221523
18.3783170235 71.6772402387
18.4568568398 81.7176585567
18.5092167174 91.7356423858
18.5353966562 101.740141374
18.5703032412 111.748138176
18.561576595 121.748638164
18.5179433637 131.761130361
18.4655834861 141.77911419
18.3259571459 151.906305311
18.0903376969 162.264393938
17.9768912955 164.249337262
19.1637151869 164.249337262
19.0502687855 162.264393938
18.8146493365 151.906305311
18.6750229963 141.77911419
18.6226631188 131.761130361
18.5790298875 121.748638164
18.5703032412 111.748138176
18.6052098263 101.740141374
18.631389765 91.7356423858
18.6837496426 81.7176585567
18.7622894589 71.6772402387
18.8582825678 61.6169221523
18.9542756767 51.5566040658
19.0939020168 41.4294129449
19.2509816495 31.2687043082
19.4473311903 21.0187043082
19.7091305781 10.5783977993
20.0101998741 0
22.4362075344 0
22.7372768304 10.5783977993
22.9990762182 21.0187043082
23.195425759 31.2687043082
23.3525053917 41.4294129449
23.4921317318 51.5566040658
23.5881248407 61.6169221523
23.6841179496 71.6772402387
23.7626577659 81.7176585567
23.8150176435 91.7356423858
23.8411975822 101.740141374
23.8761041673 111.748138176
23.867377521 121.748638164
23.8237442897 131.761130361
23.7713844122 141.77911419
23.631758072 151.906305311
23.396138623 162.264393938
23.2826922216 164.249337262
24.469516113 164.249337262
24.3560697116 162.264393938
24.1204502626 151.906305311
23.9808239224 141.77911419
23.9284640448 131.761130361
23.8848308135 121.748638164
23.8761041673 111.748138176
23.9110107523 101.740141374
23.9371906911 91.7356423858
23.9895505687 81.7176585567
24.068090385 71.6772402387
24.1640834939 61.6169221523
24.2600766027 51.5566040658
24.3997029429 41.4294129449
24.5567825756 31.2687043082
24.7531321164 21.0187043082
25.0149315042 10.5783977993
25.3160008002 0
27.7420084604 0
28.0430777564 10.5783977993
28.3048771442 21.0187043082
28.5012266851 31.2687043082
28.6583063177 41.4294129449
28.7979326579 51.5566040658
28.8939257668 61.6169221523
28.9899188756 71.6772402387
29.068458692 81.7176585567
29.1208185695 91.7356423858
29.1469985083 101.740141374
29.1819050933 111.748138176
29.1731784471 121.748638164
29.1295452158 131.761130361
29.0771853382 141.77911419
28.9375589981 151.906305311
28.701939549 162.264393938
28.5884931477 164.249337262
29.775317039 164.249337262
29.6618706376 162.264393938
29.4262511886 151.906305311
29.2866248485 141.77911419
29.2342649709 131.761130361
29.1906317396 121.748638164
29.1819050933 111.748138176
29.2168116784 101.740141374
29.2429916172 91.7356423858
29.2953514947 81.7176585567
29.3738913111 71.6772402387
29.4698844199 61.6169221523
29.5658775288 51.5566040658
29.7055038689 41.4294129449
29.8625835016 31.2687043082
30.0589330425 21.0187043082
30.3207324303 10.5783977993
30.6218017262 0
33.0478093865 0
33.3488786825 10.5783977993
33.6106780703 21.0187043082
33.8070276111 31.2687043082
33.9641072438 41.4294129449
34.103733584 51.5566040658
34.1997266928 61.6169221523
34.2957198017 71.6772402387
34.374259618 81.7176585567
34.4266194956 91.7356423858
34.4527994344 101.740141374
34.4877060194 111.748138176
34.4789793731 121.748638164
34.4353461418 131.761130361
34.3829862643 141.77911419
34.2433599241 151.906305311
34.0077404751 162.264393938
33.8942940737 164.249337262
35.0811179651 164.249337262
34.9676715637 162.264393938
34.7320521147 151.906305311
34.5924257745 141.77911419
34.540065897 131.761130361
34.4964326657 121.748638164
34.4877060194 111.748138176
34.5226126044 101.740141374
34.5487925432 91.7356423858
34.6011524208 81.7176585567
34.6796922371 71.6772402387
34.775685346 61.6169221523
34.8716784548 51.5566040658
35.011304795 41.4294129449
35.1683844277 31.2687043082
35.3647339685 21.0187043082
35.6265333563 10.5783977993
35.9276026523 0
38.3536103126 0
38.6546796085 10.5783977993
38.9164789963 21.0187043082
39.1128285372 31.2687043082
39.2699081699 41.4294129449
39.40953451 51.5566040658
39.5055276189 61.6169221523
39.6015207278 71.6772402387
39.6800605441 81.7176585567
39.7324204217 91.7356423858
39.7586003604 101.740141374
39.7935069455 111.748138176
39.7847802992 121.748638164
39.7411470679 131.761130361
39.6887871904 141.77911419
39.5491608502 151.906305311
39.3135414012 162.264393938
39.2000949998 164.249337262
40.3869188911 164.249337262
40.2734724898 162.264393938
40.0378530407 151.906305311
39.8982267006 141.77911419
39.845866823 131.761130361
39.8022335917 121.748638164
39.7935069455 111.748138176
39.8284135305 101.740141374
39.8545934693 91.7356423858
39.9069533469 81.7176585567
39.9854931632 71.6772402387
40.081486272 61.6169221523
40.1774793809 51.5566040658
40.3171057211 41.4294129449
40.4741853537 31.2687043082
40.6705348946 21.0187043082
40.9323342824 10.5783977993
41.2334035784 0
43.6594112386 0
43.9604805346 10.5783977993
44.2222799224 21.0187043082
44.4186294633 31.2687043082
44.5757090959 41.4294129449
44.7153354361 51.5566040658
44.811328545 61.6169221523
44.9073216538 71.6772402387
44.9858614702 81.7176585567
45.0382213477 91.7356423858
45.0644012865 101.740141374
45.0993078715 111.748138176
45.0905812253 121.748638164
45.046947994 131.761130361
44.9945881164 141.77911419
44.8549617763 151.906305311
44.6193423272 162.264393938
44.5058959259 164.249337262
45.6927198172 164.249337262
45.5792734158 162.264393938
45.3436539668 151.906305311
45.2040276267 141.77911419
45.1516677491 131.761130361
45.1080345178 121.748638164
45.0993078715 111.748138176
45.1342144566 101.740141374
45.1603943954 91.7356423858
45.2127542729 81.7176585567
45.2912940893 71.6772402387
45.3872871981 61.6169221523
45.483280307 51.5566040658
45.6229066471 41.4294129449
45.7799862798 31.2687043082
45.9763358207 21.0187043082
46.2381352085 10.5783977993
46.5392045044 0
47.7522083346 0
