0.25
strecke 0 1 ist 10.000500 bei deltaH 10.000000
strecke 1 2 ist 10.012492 bei deltaH 10.000000
strecke 2 3 ist 11.543396 bei deltaH 11.500000
strecke 3 4 ist 5.048762 bei deltaH 5.000000
strecke 4 5 ist 5.080354 bei deltaH 5.000000
strecke 5 6 ist 5.141984 bei deltaH 5.000000
strecke 6 7 ist 3.668787 bei deltaH 3.500000
strecke 7 8 ist 1.984943 bei deltaH 1.500000
[110, 120.00049998750063, 130.01299218475103, 141.55638856536623, 146.60515078991196, 151.68550510826418, 156.82748916113715, 160.49627642670598, 162.4812197508339]
110 30.4 1.0 110
120 30.3 0.996710526316 120.000499988
130 29.8 0.980263157895 130.012992185
141.5 28.8 0.947368421053 141.556388565
146.5 28.1 0.924342105263 146.60515079
151.5 27.2 0.894736842105 151.685505108
156.5 26 0.855263157895 156.827489161
160 24.9 0.819078947368 160.496276427
161.5 23.6 0.776315789474 162.481219751
Blechbreite ist  47.7522083346 cm
Blechhoehe ist  18.0 cm
Berechne nun Blatt Nummer  0
Berechne nun Blatt Nummer  1
Berechne nun Blatt Nummer  2
Berechne nun Blatt Nummer  3
Berechne nun Blatt Nummer  4
Berechne nun Blatt Nummer  5
Berechne nun Blatt Nummer  6
Berechne nun Blatt Nummer  7
Berechne nun Blatt Nummer  8
0 0
2.65290046303 110
2.64417381677 120.000499988
2.60054058547 130.012992185
2.51327412287 141.556388565
2.45218759905 146.60515079
2.37364778271 151.685505108
2.26892802759 156.827489161
2.17293491873 160.496276427
2.05948851735 162.481219751
3.24631240871 162.481219751
3.13286600733 160.496276427
3.03687289847 156.827489161
2.93215314335 151.685505108
2.85361332701 146.60515079
2.79252680319 141.556388565
2.70526034059 130.012992185
2.66162710929 120.000499988
2.65290046303 110
7.95870138909 110
7.94997474283 120.000499988
7.90634151153 130.012992185
7.81907504893 141.556388565
7.75798852511 146.60515079
7.67944870878 151.685505108
7.57472895366 156.827489161
7.4787358448 160.496276427
7.36528944342 162.481219751
8.55211333477 162.481219751
8.43866693339 160.496276427
8.34267382453 156.827489161
8.23795406941 151.685505108
8.15941425307 146.60515079
8.09832772925 141.556388565
8.01106126665 130.012992185
7.96742803535 120.000499988
7.95870138909 110
13.2645023152 110
13.2557756689 120.000499988
13.2121424376 130.012992185
13.124875975 141.556388565
13.0637894512 146.60515079
12.9852496348 151.685505108
12.8805298797 156.827489161
12.7845367709 160.496276427
12.6710903695 162.481219751
13.8579142608 162.481219751
13.7444678595 160.496276427
13.6484747506 156.827489161
13.5437549955 151.685505108
13.4652151791 146.60515079
13.4041286553 141.556388565
13.3168621927 130.012992185
13.2732289614 120.000499988
13.2645023152 110
18.5703032412 110
18.561576595 120.000499988
18.5179433637 130.012992185
18.4306769011 141.556388565
18.3695903772 146.60515079
18.2910505609 151.685505108
18.1863308058 156.827489161
18.0903376969 160.496276427
17.9768912955 162.481219751
19.1637151869 162.481219751
19.0502687855 160.496276427
18.9542756767 156.827489161
18.8495559215 151.685505108
18.7710161052 146.60515079
18.7099295814 141.556388565
18.6226631188 130.012992185
18.5790298875 120.000499988
18.5703032412 110
23.8761041673 110
23.867377521 120.000499988
23.8237442897 130.012992185
23.7364778271 141.556388565
23.6753913033 146.60515079
23.596851487 151.685505108
23.4921317318 156.827489161
23.396138623 160.496276427
23.2826922216 162.481219751
24.469516113 162.481219751
24.3560697116 160.496276427
24.2600766027 156.827489161
24.1553568476 151.685505108
24.0768170313 146.60515079
24.0157305074 141.556388565
23.9284640448 130.012992185
23.8848308135 120.000499988
23.8761041673 110
29.1819050933 110
29.1731784471 120.000499988
29.1295452158 130.012992185
29.0422787532 141.556388565
28.9811922294 146.60515079
28.902652413 151.685505108
28.7979326579 156.827489161
28.701939549 160.496276427
28.5884931477 162.481219751
29.775317039 162.481219751
29.6618706376 160.496276427
29.5658775288 156.827489161
29.4611577737 151.685505108
29.3826179573 146.60515079
29.3215314335 141.556388565
29.2342649709 130.012992185
29.1906317396 120.000499988
29.1819050933 110
34.4877060194 110
34.4789793731 120.000499988
34.4353461418 130.012992185
34.3480796792 141.556388565
34.2869931554 146.60515079
34.2084533391 151.685505108
34.103733584 156.827489161
34.0077404751 160.496276427
33.8942940737 162.481219751
35.0811179651 162.481219751
34.9676715637 160.496276427
34.8716784548 156.827489161
34.7669586997 151.685505108
34.6884188834 146.60515079
34.6273323596 141.556388565
34.540065897 130.012992185
34.4964326657 120.000499988
34.4877060194 110
39.7935069455 110
39.7847802992 120.000499988
39.7411470679 130.012992185
39.6538806053 141.556388565
39.5927940815 146.60515079
39.5142542652 151.685505108
39.40953451 156.827489161
39.3135414012 160.496276427
39.2000949998 162.481219751
40.3869188911 162.481219751
40.2734724898 160.496276427
40.1774793809 156.827489161
40.0727596258 151.685505108
39.9942198095 146.60515079
39.9331332856 141.556388565
39.845866823 130.012992185
39.8022335917 120.000499988
39.7935069455 110
45.0993078715 110
45.0905812253 120.000499988
45.046947994 130.012992185
44.9596815314 141.556388565
44.8985950076 146.60515079
44.8200551912 151.685505108
44.7153354361 156.827489161
44.6193423272 160.496276427
44.5058959259 162.481219751
45.6927198172 162.481219751
45.5792734158 160.496276427
45.483280307 156.827489161
45.3785605519 151.685505108
45.3000207355 146.60515079
45.2389342117 141.556388565
45.1516677491 130.012992185
45.1080345178 120.000499988
45.0993078715 110
47.7522083346 0
