0.25
strecke 0 1 ist 1.118034 bei deltaH 1.000000
strecke 1 2 ist 3.354102 bei deltaH 3.000000
strecke 2 3 ist 2.061553 bei deltaH 2.000000
strecke 3 4 ist 2.061553 bei deltaH 2.000000
strecke 4 5 ist 2.549510 bei deltaH 2.500000
strecke 5 6 ist 6.082763 bei deltaH 6.000000
strecke 6 7 ist 3.041381 bei deltaH 3.000000
strecke 7 8 ist 4.031129 bei deltaH 4.000000
strecke 8 9 ist 6.020797 bei deltaH 6.000000
strecke 9 10 ist 8.507203 bei deltaH 8.500000
strecke 10 11 ist 12.500900 bei deltaH 12.500000
strecke 11 12 ist 6.500000 bei deltaH 6.500000
strecke 12 13 ist 14.508618 bei deltaH 14.500000
strecke 13 14 ist 7.516648 bei deltaH 7.500000
strecke 14 15 ist 6.519202 bei deltaH 6.500000
strecke 15 16 ist 6.519202 bei deltaH 6.500000
strecke 16 17 ist 5.522681 bei deltaH 5.500000
strecke 17 18 ist 4.527693 bei deltaH 4.500000
strecke 18 19 ist 4.527693 bei deltaH 4.500000
strecke 19 20 ist 7.071068 bei deltaH 7.000000
strecke 20 21 ist 3.535534 bei deltaH 3.500000
strecke 21 22 ist 3.041381 bei deltaH 3.000000
strecke 22 23 ist 3.041381 bei deltaH 3.000000
strecke 23 24 ist 3.041381 bei deltaH 3.000000
strecke 24 25 ist 2.061553 bei deltaH 2.000000
strecke 25 26 ist 2.549510 bei deltaH 2.500000
strecke 26 27 ist 2.795085 bei deltaH 2.750000
strecke 27 28 ist 2.549510 bei deltaH 2.500000
strecke 28 29 ist 2.061553 bei deltaH 2.000000
strecke 29 30 ist 2.304886 bei deltaH 2.250000
strecke 30 31 ist 2.061553 bei deltaH 2.000000
strecke 31 32 ist 1.820027 bei deltaH 1.750000
strecke 32 33 ist 8.860023 bei deltaH 8.500000
strecke 33 34 ist 5.618051 bei deltaH 5.250000
strecke 34 35 ist 3.807887 bei deltaH 3.500000
[0, 1.118033988749895, 4.47213595499958, 6.53368876780841, 8.595241580617241, 11.144751337413634, 17.227513867711853, 20.268895132860962, 24.300024007010236, 30.320821296406386, 38.82802412694946, 51.328924094551795, 57.828924094551795, 72.33754222309871, 79.85419041228516, 86.37339281748781, 92.89259522269046, 98.41527573128408, 102.94296830035279, 107.4706608694215, 114.54172868128697, 118.0772625872197, 121.11864385236882, 124.16002511751793, 127.20140638266705, 129.26295919547587, 131.81246895227227, 134.607553924147, 137.1570636809434, 139.21861649375222, 141.52350260807543, 143.58505542088426, 145.4050828932044, 154.26510546653907, 159.88315673010013, 163.6910432830321]
0 24 0.786885245902 0
1 24.5 0.803278688525 1.11803398875
4 26 0.852459016393 4.472135955
6 26.5 0.868852459016 6.53368876781
8 27 0.885245901639 8.59524158062
10.5 27.5 0.901639344262 11.1447513374
16.5 28.5 0.934426229508 17.2275138677
19.5 29 0.950819672131 20.2688951329
23.5 29.5 0.967213114754 24.300024007
29.5 30 0.983606557377 30.3208212964
38 30.35 0.995081967213 38.8280241269
50.5 30.5 1.0 51.3289240946
57 30.5 1.0 57.8289240946
71.5 30 0.983606557377 72.3375422231
79 29.5 0.967213114754 79.8541904123
85.5 29 0.950819672131 86.3733928175
92 28.5 0.934426229508 92.8925952227
97.5 28 0.918032786885 98.4152757313
102 27.5 0.901639344262 102.9429683
106.5 27 0.885245901639 107.470660869
113.5 26 0.852459016393 114.541728681
117 25.5 0.83606557377 118.077262587
120 25 0.819672131148 121.118643852
123 24.5 0.803278688525 124.160025118
126 24 0.786885245902 127.201406383
128 23.5 0.770491803279 129.262959195
130.5 23 0.754098360656 131.812468952
133.25 22.5 0.737704918033 134.607553924
135.75 22 0.72131147541 137.157063681
137.75 21.5 0.704918032787 139.218616494
140 21 0.688524590164 141.523502608
142 20.5 0.672131147541 143.585055421
143.75 20 0.655737704918 145.405082893
152.25 17.5 0.573770491803 154.265105467
157.5 15.5 0.508196721311 159.88315673
161 14 0.459016393443 163.691043283
Blechbreite ist  47.9092879672 cm
Blechhoehe ist  18.0 cm
Berechne nun Blatt Nummer  0
Berechne nun Blatt Nummer  1
Berechne nun Blatt Nummer  2
Berechne nun Blatt Nummer  3
Berechne nun Blatt Nummer  4
0 0
3.76991118431 0
3.84845100065 1.11803398875
4.08407044967 4.472135955
4.16261026601 6.53368876781
4.24115008235 8.59524158062
4.31968989869 11.1447513374
4.47676953137 17.2275138677
4.55530934771 20.2688951329
4.63384916404 24.300024007
4.71238898038 30.3208212964
4.76736685182 38.8280241269
4.79092879672 51.3289240946
4.79092879672 57.8289240946
4.71238898038 72.3375422231
4.63384916404 79.8541904123
4.55530934771 86.3733928175
4.47676953137 92.8925952227
4.39822971503 98.4152757313
4.31968989869 102.9429683
4.24115008235 107.470660869
4.08407044967 114.541728681
4.00553063333 118.077262587
3.92699081699 121.118643852
3.84845100065 124.160025118
3.76991118431 127.201406383
3.69137136797 129.262959195
3.61283155163 131.812468952
3.53429173529 134.607553924
3.45575191895 137.157063681
3.37721210261 139.218616494
3.29867228627 141.523502608
3.22013246993 143.585055421
3.14159265359 145.405082893
2.74889357189 154.265105467
2.43473430653 159.88315673
2.19911485751 163.691043283
7.38274273594 163.691043283
7.14712328692 159.88315673
6.83296402156 154.265105467
6.44026493986 145.405082893
6.36172512352 143.585055421
6.28318530718 141.523502608
6.20464549084 139.218616494
6.1261056745 137.157063681
6.04756585816 134.607553924
5.96902604182 131.812468952
5.89048622548 129.262959195
5.81194640914 127.201406383
5.7334065928 124.160025118
5.65486677646 121.118643852
5.57632696012 118.077262587
5.49778714378 114.541728681
5.3407075111 107.470660869
5.26216769476 102.9429683
5.18362787842 98.4152757313
5.10508806208 92.8925952227
5.02654824574 86.3733928175
4.9480084294 79.8541904123
4.86946861306 72.3375422231
4.79092879672 57.8289240946
4.79092879672 51.3289240946
4.81449074163 38.8280241269
4.86946861306 30.3208212964
4.9480084294 24.300024007
5.02654824574 20.2688951329
5.10508806208 17.2275138677
5.26216769476 11.1447513374
5.3407075111 8.59524158062
5.41924732744 6.53368876781
5.49778714378 4.472135955
5.7334065928 1.11803398875
5.81194640914 0
13.3517687778 0
13.4303085941 1.11803398875
13.6659280431 4.472135955
13.7444678595 6.53368876781
13.8230076758 8.59524158062
13.9015474921 11.1447513374
14.0586271248 17.2275138677
14.1371669412 20.2688951329
14.2157067575 24.300024007
14.2942465738 30.3208212964
14.3492244453 38.8280241269
14.3727863902 51.3289240946
14.3727863902 57.8289240946
14.2942465738 72.3375422231
14.2157067575 79.8541904123
14.1371669412 86.3733928175
14.0586271248 92.8925952227
13.9800873085 98.4152757313
13.9015474921 102.9429683
13.8230076758 107.470660869
13.6659280431 114.541728681
13.5873882268 118.077262587
13.5088484104 121.118643852
13.4303085941 124.160025118
13.3517687778 127.201406383
13.2732289614 129.262959195
13.1946891451 131.812468952
13.1161493287 134.607553924
13.0376095124 137.157063681
12.9590696961 139.218616494
12.8805298797 141.523502608
12.8019900634 143.585055421
12.723450247 145.405082893
12.3307511653 154.265105467
12.0165919 159.88315673
11.780972451 163.691043283
16.9646003294 163.691043283
16.7289808804 159.88315673
16.414821615 154.265105467
16.0221225333 145.405082893
15.943582717 143.585055421
15.8650429006 141.523502608
15.7865030843 139.218616494
15.7079632679 137.157063681
15.6294234516 134.607553924
15.5508836353 131.812468952
15.4723438189 129.262959195
15.3938040026 127.201406383
15.3152641863 124.160025118
15.2367243699 121.118643852
15.1581845536 118.077262587
15.0796447372 114.541728681
14.9225651046 107.470660869
14.8440252882 102.9429683
14.7654854719 98.4152757313
14.6869456555 92.8925952227
14.6084058392 86.3733928175
14.5298660229 79.8541904123
14.4513262065 72.3375422231
14.3727863902 57.8289240946
14.3727863902 51.3289240946
14.3963483351 38.8280241269
14.4513262065 30.3208212964
14.5298660229 24.300024007
14.6084058392 20.2688951329
14.6869456555 17.2275138677
14.8440252882 11.1447513374
14.9225651046 8.59524158062
15.0011049209 6.53368876781
15.0796447372 4.472135955
15.3152641863 1.11803398875
15.3938040026 0
22.9336263712 0
23.0121661875 1.11803398875
23.2477856366 4.472135955
23.3263254529 6.53368876781
23.4048652692 8.59524158062
23.4834050856 11.1447513374
23.6404847183 17.2275138677
23.7190245346 20.2688951329
23.7975643509 24.300024007
23.8761041673 30.3208212964
23.9310820387 38.8280241269
23.9546439836 51.3289240946
23.9546439836 57.8289240946
23.8761041673 72.3375422231
23.7975643509 79.8541904123
23.7190245346 86.3733928175
23.6404847183 92.8925952227
23.5619449019 98.4152757313
23.4834050856 102.9429683
23.4048652692 107.470660869
23.2477856366 114.541728681
23.1692458202 118.077262587
23.0907060039 121.118643852
23.0121661875 124.160025118
22.9336263712 127.201406383
22.8550865549 129.262959195
22.7765467385 131.812468952
22.6980069222 134.607553924
22.6194671058 137.157063681
22.5409272895 139.218616494
22.4623874732 141.523502608
22.3838476568 143.585055421
22.3053078405 145.405082893
21.9126087588 154.265105467
21.5984494934 159.88315673
21.3628300444 163.691043283
26.5464579228 163.691043283
26.3108384738 159.88315673
25.9966792085 154.265105467
25.6039801268 145.405082893
25.5254403104 143.585055421
25.4469004941 141.523502608
25.3683606777 139.218616494
25.2898208614 137.157063681
25.2112810451 134.607553924
25.1327412287 131.812468952
25.0542014124 129.262959195
24.975661596 127.201406383
24.8971217797 124.160025118
24.8185819634 121.118643852
24.740042147 118.077262587
24.6615023307 114.541728681
24.504422698 107.470660869
24.4258828817 102.9429683
24.3473430653 98.4152757313
24.268803249 92.8925952227
24.1902634326 86.3733928175
24.1117236163 79.8541904123
24.0331838 72.3375422231
23.9546439836 57.8289240946
23.9546439836 51.3289240946
23.9782059285 38.8280241269
24.0331838 30.3208212964
24.1117236163 24.300024007
24.1902634326 20.2688951329
24.268803249 17.2275138677
24.4258828817 11.1447513374
24.504422698 8.59524158062
24.5829625143 6.53368876781
24.6615023307 4.472135955
24.8971217797 1.11803398875
24.975661596 0
32.5154839647 0
32.594023781 1.11803398875
32.82964323 4.472135955
32.9081830464 6.53368876781
32.9867228627 8.59524158062
33.065262679 11.1447513374
33.2223423117 17.2275138677
33.3008821281 20.2688951329
33.3794219444 24.300024007
33.4579617607 30.3208212964
33.5129396322 38.8280241269
33.5365015771 51.3289240946
33.5365015771 57.8289240946
33.4579617607 72.3375422231
33.3794219444 79.8541904123
33.3008821281 86.3733928175
33.2223423117 92.8925952227
33.1438024954 98.4152757313
33.065262679 102.9429683
32.9867228627 107.470660869
32.82964323 114.541728681
32.7511034137 118.077262587
32.6725635973 121.118643852
32.594023781 124.160025118
32.5154839647 127.201406383
32.4369441483 129.262959195
32.358404332 131.812468952
32.2798645156 134.607553924
32.2013246993 137.157063681
32.122784883 139.218616494
32.0442450666 141.523502608
31.9657052503 143.585055421
31.8871654339 145.405082893
31.4944663522 154.265105467
31.1803070869 159.88315673
30.9446876379 163.691043283
36.1283155163 163.691043283
35.8926960673 159.88315673
35.5785368019 154.265105467
35.1858377202 145.405082893
35.1072979039 143.585055421
35.0287580875 141.523502608
34.9502182712 139.218616494
34.8716784548 137.157063681
34.7931386385 134.607553924
34.7145988222 131.812468952
34.6360590058 129.262959195
34.5575191895 127.201406383
34.4789793731 124.160025118
34.4004395568 121.118643852
34.3218997405 118.077262587
34.2433599241 114.541728681
34.0862802914 107.470660869
34.0077404751 102.9429683
33.9292006588 98.4152757313
33.8506608424 92.8925952227
33.7721210261 86.3733928175
33.6935812098 79.8541904123
33.6150413934 72.3375422231
33.5365015771 57.8289240946
33.5365015771 51.3289240946
33.560063522 38.8280241269
33.6150413934 30.3208212964
33.6935812098 24.300024007
33.7721210261 20.2688951329
33.8506608424 17.2275138677
34.0077404751 11.1447513374
34.0862802914 8.59524158062
34.1648201078 6.53368876781
34.2433599241 4.472135955
34.4789793731 1.11803398875
34.5575191895 0
42.0973415581 0
42.1758813744 1.11803398875
42.4115008235 4.472135955
42.4900406398 6.53368876781
42.5685804561 8.59524158062
42.6471202725 11.1447513374
42.8041999052 17.2275138677
42.8827397215 20.2688951329
42.9612795378 24.300024007
43.0398193542 30.3208212964
43.0947972256 38.8280241269
43.1183591705 51.3289240946
43.1183591705 57.8289240946
43.0398193542 72.3375422231
42.9612795378 79.8541904123
42.8827397215 86.3733928175
42.8041999052 92.8925952227
42.7256600888 98.4152757313
42.6471202725 102.9429683
42.5685804561 107.470660869
42.4115008235 114.541728681
42.3329610071 118.077262587
42.2544211908 121.118643852
42.1758813744 124.160025118
42.0973415581 127.201406383
42.0188017418 129.262959195
41.9402619254 131.812468952
41.8617221091 134.607553924
41.7831822927 137.157063681
41.7046424764 139.218616494
41.6261026601 141.523502608
41.5475628437 143.585055421
41.4690230274 145.405082893
41.0763239457 154.265105467
40.7621646803 159.88315673
40.5265452313 163.691043283
45.7101731097 163.691043283
45.4745536607 159.88315673
45.1603943954 154.265105467
44.7676953137 145.405082893
44.6891554973 143.585055421
44.610615681 141.523502608
44.5320758646 139.218616494
44.4535360483 137.157063681
44.374996232 134.607553924
44.2964564156 131.812468952
44.2179165993 129.262959195
44.1393767829 127.201406383
44.0608369666 124.160025118
43.9822971503 121.118643852
43.9037573339 118.077262587
43.8252175176 114.541728681
43.6681378849 107.470660869
43.5895980686 102.9429683
43.5110582522 98.4152757313
43.4325184359 92.8925952227
43.3539786195 86.3733928175
43.2754388032 79.8541904123
43.1968989869 72.3375422231
43.1183591705 57.8289240946
43.1183591705 51.3289240946
43.1419211154 38.8280241269
43.1968989869 30.3208212964
43.2754388032 24.300024007
43.3539786195 20.2688951329
43.4325184359 17.2275138677
43.5895980686 11.1447513374
43.6681378849 8.59524158062
43.7466777012 6.53368876781
43.8252175176 4.472135955
44.0608369666 1.11803398875
44.1393767829 0
47.9092879672 0
